2016	14603878
2016	8373729
2016	14536322
2016	5280827
2016	14743129
2016	14504583
2016	14592547
2016	14574800
2016	14335003
2016	12915510
2016	13015653
2016	14533848
2016	14566657
2016	14774426
2016	14400847
2016	7789055
2016	8921130
2016	7602994
2016	7462268
2016	12026868
2016	10208321
2016	4964365
2016	8704828
2016	4032126
2016	13451383
2016	2672058
2016	9470342
2016	9570618
2016	6277566
2016	7931331
2016	1902160
2016	8882195
2016	8751275
2016	12176027
2016	13996398
2016	1525494
2016	13028247
2016	13126713
2016	9473811
2016	1529321
2016	7277653
2016	5870922
2016	3419711
2016	13782612
2016	5967421
2016	4526384
2016	13509242
2016	13464674
2016	8310660
2016	2183117
2016	14651378
2016	13733887
2016	14340601
2016	4278873
2016	8034092
2016	12735111
2016	12997334
2016	13685592
2016	12736032
2016	12752442
2016	14055624
2016	11343048
2016	13391054
2016	12409042
2016	13550412
2016	9885963
2016	13684464
2016	12253499
2016	5085125
2016	9541666
2016	13998602
2016	6823017
2016	9854083
2016	5889190
2016	72811
2016	13327034
2016	12540640
2016	5593939
2016	14484865
2016	14572515
2016	8758450
2016	12262803
2016	9834617
2016	14443295
2016	13345701
2016	13017064
2016	12755021
2016	13002808
2016	11036835
2016	11896394
2016	5661246
2016	13685207
2016	10706413
2016	13236820
2016	14655187
2016	4294835
2016	9496337
2016	7797744
2016	11528125
2016	4598026
2016	13295386
2016	12592696
2016	13004551
2016	13592046
2016	12233830
2016	12873268
2016	4861476
2016	10021398
2016	13019695
2016	10809
2016	8579799
2016	12655758
2016	13606268
2016	831744
2016	10231171
2016	11022736
2016	8238078
2016	13578106
2016	13430656
2016	12873559
2016	13415816
2016	3901439
2016	3420221
2016	11530331
2016	14231732
2016	3897963
2016	14153636
2016	13512459
2016	13355213
2016	13530359
2016	13515084
2016	13801598
2016	7894645
2016	6838488
2016	4340110
2016	14055887
2016	14203428
2016	3897995
2016	3898015
2016	13450030
2016	6728273
2016	4909590
2016	10032327
2016	9813223
2016	3519768
2016	14220964
2016	11304657
2016	13696794
2016	11255643
2016	9109401
2016	13024208
2016	10253416
2016	10353263
2016	6976414
2016	8112652
2016	6227976
2016	1839549
2016	7283351
2016	4293597
2016	2930663
2016	3677662
2016	3353
2016	2114274
2016	8310653
2016	4106372
2016	13590412
2016	3866526
2016	95453
2016	11818157
2016	4402209
2016	5384923
2016	12534735
2016	14663743
2016	14107067
2016	10749794
2016	4261781
2016	4261784
2016	12665563
2016	8930592
2016	13550969
2016	4196643
2016	5851489
2016	9013631
2016	5163162
2016	12208307
2016	13863117
2016	13044229
2016	13864196
2016	1887507
2016	7933149
2016	5999291
2016	395975
2016	6310903
2016	11947150
2016	2021274
2016	13864415
2016	12998582
2016	13028935
2016	11767622
2016	13586491
2016	1887581
2016	9507164
2016	11653496
2016	7475557
2016	6705513
2016	7836038
2016	13586841
2016	11758169
2016	11474006
2016	5019306
2016	11474629
2016	6640662
2016	13866156
2016	9508099
2016	12835086
2016	6347026
2016	6543678
2016	11295065
2016	257588
2016	13555596
2016	13605196
2016	2021483
2016	2021489
2016	5380160
2016	13752754
2016	9460898
2016	7003280
2016	4151979
2016	7330494
2016	13671334
2016	13190410
2016	2022303
2016	646087
2016	2135075
2016	5004278
2016	3415033
2016	6544715
2016	5856633
2016	9626428
2016	7611271
2016	14426124
2016	12738641
2016	5054601
2016	10034183
2016	7855120
2016	10494550
2016	2843596
2016	5727231
2016	6796364
2016	6317722
2016	13969106
2016	13477535
2016	13642024
2016	8052617
2016	11740527
2016	6317446
2016	11757166
2016	4090224
2016	7745117
2016	3792147
2016	12545716
2016	11020786
2016	13113079
2016	13855525
2016	8596320
2016	7746589
2016	5927267
2016	5026613
2016	14693220
2016	160572
2016	7713728
2016	4287366
2016	994138
2016	4287348
2016	13282275
2016	14151531
2016	6565713
2016	10103725
2016	4928894
2016	4863108
2016	9237653
2016	4863101
2016	11757376
2016	12515067
2016	6629066
2016	1340649
2016	8828147
2016	3585343
2016	14186170
2016	6911945
2016	13924495
2016	14842237
2016	11008495
2016	6296656
2016	13294824
2016	8649257
2016	11714059
2016	4947526
2016	11787441
2016	13188046
2016	8274008
2016	5078127
2016	13532311
2016	14843050
2016	5511924
2016	6151079
2016	6088708
2016	11986653
2016	6489209
2016	12581300
2016	4586590
2016	11492423
2016	4996375
2016	7988755
2016	6544642
2016	11970702
2016	7853971
2016	11592067
2016	11649321
2016	13713713
2016	7929879
2016	13942919
2016	13746896
2016	13814175
2016	11863590
2016	13813809
2016	14387692
2016	11572070
2016	11734812
2016	11276570
2016	3363097
2016	7982359
2016	13602808
2016	10850420
2016	11275661
2016	12309083
2016	11735784
2016	8366402
2016	1644031
2016	5952474
2016	10475848
2016	8131907
2016	12047758
2016	12639344
2016	6609546
2016	11087657
2016	7134081
2016	14158636
2016	13951039
2016	2384107
2016	2564544
2016	10052824
2016	6006121
2016	9218362
2016	13510994
2016	10054046
2016	2649521
2016	6843850
2016	6598203
2016	11563716
2016	13218729
2016	13298546
2016	4435883
2016	8271384
2016	5191658
2016	10050351
2016	10051357
2016	13221129
2016	14843783
2016	13450880
2016	11648688
2016	13514017
2016	10905777
2016	10138792
2016	14389002
2016	10426124
2016	12593869
2016	7454966
2016	3344322
2016	6881541
2016	14565726
2016	8536127
2016	13861258
2016	13239143
2016	8717204
2016	3294152
2016	11258721
2016	8291550
2016	11584799
2016	8536113
2016	213086
2016	3539510
2016	13236936
2016	3589869
2016	8587030
2016	13443949
2016	7292184
2016	200265
2016	13927765
2016	6014302
2016	7246272
2016	13699440
2016	3946215
2016	13714934
2016	8947232
2016	3294775
2016	13325983
2016	1262443
2016	5048406
2016	12126299
2016	6655012
2016	12175961
2016	12586305
2016	8523157
2016	533114
2016	3394437
2016	4934600
2016	1821633
2016	1584362
2016	232990
2016	839265
2016	3641545
2016	10268223
2016	13979354
2016	13242393
2016	3166256
2016	7071883
2016	12344014
2016	561769
2016	315982
2016	1544702
2016	3953472
2016	14040282
2016	4350898
2016	1332786
2016	14093943
2016	13374617
2016	9383459
2016	13767907
2016	3945704
2016	12343588
2016	9685085
2016	8886703
2016	3052935
2016	4216208
2016	6870485
2016	11966297
2016	579605
2016	2000797
2016	14632821
2016	3250739
2016	13313124
2016	531552
2016	4447430
2016	530983
2016	3250847
2016	13098572
2016	10068240
2016	14127153
2016	3628320
2016	4431210
2016	533152
2016	7449448
2016	9494511
2016	6627469
2016	12109171
2016	7725279
2016	9279773
2016	2811937
2016	13417233
2016	4793787
2016	12125635
2016	1352776
2016	4875342
2016	205894
2016	10034592
2016	9493951
2016	11853416
2016	6626933
2016	9494212
2016	1112193
2016	12052292
2016	13281106
2016	6574771
2016	12020004
2016	57156
2016	13655923
2016	9887664
2016	91588
2016	7693354
2016	3057116
2016	10610205
2016	3344639
2016	4695542
2016	7006683
2016	4484798
2016	9685076
2016	9415687
2016	8956962
2016	13266133
2016	5844314
2016	4173285
2016	13955674
2016	13168176
2016	4967219
2016	12857981
2016	3765014
2016	13578911
2016	1321422
2016	7842550
2016	1454258
2016	536865
2016	13415232
2016	13546414
2016	13622776
2016	12366845
2016	11964926
2016	5991427
2016	12103501
2016	7239024
2016	6523777
2016	11569331
2016	7222349
2016	1881180
2016	5371051
2016	14219033
2016	4879579
2016	14461747
2016	8566407
2016	5862806
2016	7927765
2016	14710769
2016	14756184
2016	1112067
2016	1472481
2016	1472520
2016	8700820
2016	12593225
2016	47521
2016	3193484
2016	9239190
2016	14809866
2016	1178371
2016	9894686
2016	13564762
2016	14056340
2016	13565471
2016	1128894
2016	179244
2016	31796
2016	11992431
2016	4177233
2016	1179399
2016	10764250
2016	7356415
2016	3788075
2016	11376403
2016	1732804
2016	6014737
2016	77691
2016	11410652
2016	6160803
2016	2764624
2016	6763587
2016	2794782
2016	1391215
2016	14092792
2016	737519
2016	570493
2016	1510876
2016	12971329
2016	14691657
2016	3522237
2016	177129
2016	10234895
2016	12904318
2016	2515870
2016	14663819
2016	2278704
2016	14242888
2016	2529318
2016	8904297
2016	12492474
2016	6006328
2016	14086516
2016	9826706
2016	10381729
2016	2931165
2016	2931271
2016	2931870
2016	4828640
2016	8133752
2016	14778561
2016	4699828
2016	2886933
2016	8490356
2016	7441144
2016	13275334
2016	7900936
2016	5344465
2016	7840411
2016	6131224
2016	11983286
2016	13296735
2016	14719754
2016	8645254
2016	6613472
2016	4698487
2016	6401859
2016	13907143
2016	10127270
2016	1391492
2016	11626869
2016	164418
2016	9292118
2016	9340410
2016	12618291
2016	6261296
2016	13487348
2016	10964552
2016	1757417
2016	8720673
2016	10279083
2016	13015767
2016	13261681
2016	9301075
2016	9926796
2016	6300089
2016	4530670
2016	13028899
2016	4698367
2016	13266176
2016	8265182
2016	14692682
2016	11662212
2016	12708781
2016	1161210
2016	14303090
2016	14767573
2016	962610
2016	11441717
2016	295285
2016	14402688
2016	13960293
2016	4670285
2016	5784404
2016	8962914
2016	2294730
2016	13374823
2016	13156872
2016	4489752
2016	4456987
2016	1327725
2016	3457722
2016	10835494
2016	9896713
2016	4737304
2016	14698794
2016	9685102
2016	11717217
2016	2014882
2016	5606682
2016	4410765
2016	13192046
2016	14322546
2016	6343532
2016	6119918
2016	8014950
2016	14770708
2016	3181719
2016	7310887
2016	13684319
2016	12833084
2016	7721323
2016	13111691
2016	8753559
2016	217498
2016	3412990
2016	8983081
2016	13031523
2016	13800294
2016	12709469
2016	13333256
2016	1545185
2016	8934599
2016	1185034
2016	9114896
2016	13490438
2016	9255725
2016	7476671
2016	8378257
2016	13960193
2016	4652263
2016	11147761
2016	7805515
2016	11688611
2016	10607657
2016	14780153
2016	7692933
2016	7054058
2016	7921649
2016	1937433
2016	1171578
2016	7509273
2016	11921486
2016	13265095
2016	13674701
2016	11067772
2016	4628907
2016	11494020
2016	4662379
2016	9250014
2016	2227959
2016	466361
2016	8461819
2016	8518237
2016	11757251
2016	13264687
2016	7511838
2016	8789821
2016	6954861
2016	14460344
2016	583255
2016	13624929
2016	76073
2016	12052820
2016	8417742
2016	14250499
2016	1961034
2016	10333345
2016	716245
2016	13642260
2016	9256035
2016	12856007
2016	12339410
2016	6646604
2016	1912940
2016	3060038
2016	13478868
2016	8515356
2016	8482847
2016	9723217
2016	2061478
2016	11760822
2016	11220522
2016	5447285
2016	12761363
2016	13056513
2016	8780440
2016	7420789
2016	10594800
2016	8224214
2016	12811191
2016	13584884
2016	11418599
2016	9953144
2016	2555771
2016	10747524
2016	14057189
2016	8388481
2016	13642405
2016	5295491
2016	3012529
2016	13375092
2016	7741566
2016	3601424
2016	1815326
2016	13824970
2016	196806
2016	12828996
2016	3309941
2016	9448243
2016	2360109
2016	10552237
2016	11990528
2016	4916260
2016	10552485
2016	2016500
2016	13079902
2016	5308475
2016	11583581
2016	12796034
2016	10995355
2016	11454147
2016	3278624
2016	13435185
2016	11240774
2016	11454728
2016	8325544
2016	8439372
2016	13994056
2016	11634778
2016	13076586
2016	6324649
2016	8391298
2016	12208806
2016	11799482
2016	14109809
2016	8670336
2016	13078025
2016	6409811
2016	6983246
2016	10113230
2016	8146576
2016	12652181
2016	13733558
2016	3903324
2016	8163273
2016	36885
2016	6444138
2016	9180965
2016	10228228
2016	3740274
2016	4547353
2016	12899026
2016	7508865
2016	9770477
2016	13751871
2016	13866603
2016	9541295
2016	4559774
2016	13667826
2016	9393163
2016	1840255
2016	11474130
2016	6955911
2016	8400275
2016	8460627
2016	4069422
2016	4479140
2016	2186358
2016	12246137
2016	6167184
2016	11987762
2016	9329398
2016	8428314
2016	6015021
2016	10033715
2016	5086521
2016	4040151
2016	10036037
2016	12870514
2016	13017162
2016	11788394
2016	6316145
2016	13083058
2016	11035223
2016	11985521
2016	12592117
2016	13968572
2016	2663667
2016	6317304
2016	10149314
2016	13082258
2016	9496325
2016	14823724
2016	12183851
2016	14468407
2016	7869497
2016	6446940
2016	14360470
2016	13298014
2016	6072693
2016	10186477
2016	8165898
2016	1141888
2016	13397201
2016	9130532
2016	11431331
2016	14774868
2016	9367059
2016	2174476
2016	14662927
2016	13546070
2016	13147585
2016	5990896
2016	7499960
2016	6927063
2016	1864705
2016	13724578
2016	12446656
2016	11087731
2016	6516588
2016	13709190
2016	6951829
2016	13449049
2016	12432623
2016	12973308
2016	10995976
2016	9845039
2016	5125723
2016	14252020
2016	6027467
2016	12826881
2016	3783090
2016	6453686
2016	12630619
2016	3914363
2016	6568621
2016	13073078
2016	6240901
2016	7650016
2016	9452993
2016	10231714
2016	6356533
2016	2243499
2016	2915595
2016	11592154
2016	1695275
2016	9125711
2016	14368660
2016	14221294
2016	14274311
2016	13434817
2016	14469894
2016	14486237
2016	3985462
2016	14418593
2016	14682588
2016	4577188
2016	3992208
2016	39116
2016	6923446
2016	7211531
2016	14608495
2016	9364092
2016	13027627
2016	1868124
2016	820073
2016	7914359
2016	12815192
2016	1966195
2016	8340072
2016	12987348
2016	11061030
2016	9111413
2016	13730500
2016	7832890
2016	2573685
2016	2410846
2016	13912429
2016	6686224
2016	9530285
2016	13812075
2016	14043390
2016	8441187
2016	13225005
2016	13275308
2016	1248870
2016	13078148
2016	4574921
2016	1596470
2016	14110129
2016	11866651
2016	8327907
2016	4510513
2016	70481
2016	13669224
2016	4303606
2016	4118162
2016	5215982
2016	6181758
2016	5953696
2016	12752020
2016	1873046
2016	14653823
2016	6936712
2016	10705351
2016	11885653
2016	6134867
2016	2481019
2016	973695
2016	891953
2016	2776391
2016	2547075
2016	14760739
2016	11983535
2016	9922595
2016	10295349
2016	10117803
2016	14574734
2016	13723404
2016	12363660
2016	6596242
2016	6924700
2016	8563141
2016	12541136
2016	7728499
2016	4190704
2016	2547129
2016	12087989
2016	8792552
2016	9709597
2016	8302844
2016	8696200
2016	4075898
2016	4977034
2016	11842312
2016	1340290
2016	60356
2016	12382239
2016	13152370
2016	12563549
2016	8814215
2016	5371687
2016	5649821
2016	12383703
2016	9680953
2016	8325477
2016	14679817
2016	14351036
2016	8814105
2016	8420956
2016	8814532
2016	13926017
2016	4275846
2016	6741968
2016	9299923
2016	12365454
2016	497810
2016	12069214
2016	4924009
2016	8799256
2016	1240598
2016	13216268
2016	13081090
2016	2747654
2016	12211821
2016	7240775
2016	3653207
2016	10742655
2016	9905304
2016	4021522
2016	13686161
2016	3068453
2016	8170181
2016	508017
2016	4489490
2016	14074739
2016	3392423
2016	4359160
2016	2998554
2016	6554785
2016	9274587
2016	13993185
2016	10945774
2016	9273395
2016	14407094
2016	9273978
2016	8537786
2016	11343485
2016	7635616
2016	10470115
2016	8782592
2016	12143408
2016	8471852
2016	14124430
2016	7996844
2016	11306586
2016	3377100
2016	6326257
2016	9078998
2016	4032756
2016	7244031
2016	11701611
2016	7553969
2016	13306811
2016	4787359
2016	10653150
2016	8704161
2016	6066455
2016	6410674
2016	5690424
2016	250345
2016	2216767
2016	7837202
2016	9248612
2016	7918592
2016	3069104
2016	7527149
2016	14374965
2016	8428052
2016	11016623
2016	10164810
2016	7920759
2016	23619
2016	2776143
2016	6445917
2016	5709298
2016	12738816
2016	12210223
2016	13376457
2016	13294558
2016	3890373
2016	9755993
2016	697078
2016	6742905
2016	8450098
2016	3673104
2016	7874552
2016	7514336
2016	4635390
2016	13591091
2016	10855052
2016	7854872
2016	1827762
2016	6677640
2016	3351728
2016	7527864
2016	13524454
2016	4644455
2016	5725804
2016	10379031
2016	13330146
2016	4546333
2016	5743939
2016	11906382
2016	14673441
2016	9857049
2016	13788865
2016	1648950
2016	4532603
2016	13658522
2016	6089196
2016	2862120
2016	8662258
2016	13331733
2016	10857914
2016	5959251
2016	13101775
2016	6908672
2016	9235198
2016	11120777
2016	8614167
2016	13300621
2016	8090623
2016	14035936
2016	2682662
2016	6778788
2016	8384444
2016	4632511
2016	12726343
2016	12356
2016	7614517
2016	14742722
2016	3520353
2016	915272
2016	586994
2016	6763785
2016	13295184
2016	9844242
2016	13121821
2016	10434883
2016	5064995
2016	9107357
2016	4995033
2016	8747720
2016	7713815
2016	13138055
2016	2754975
2016	7911936
2016	2947662
2016	13433475
2016	8052494
2016	12493396
2016	13728510
2016	8732121
2016	7633883
2016	13810937
2016	5690640
2016	2126053
2016	13778731
2016	12648403
2016	4718577
2016	11202183
2016	9232355
2016	14025410
2016	10311094
2016	6444148
2016	4900659
2016	13249829
2016	6432655
2016	1303261
2016	5659866
2016	8309711
2016	67774
2016	1131634
2016	1867881
2016	14467554
2016	2769450
2016	7308623
2016	6015995
2016	4610745
2016	10051842
2016	4467841
2016	12088322
2016	8191517
2016	7596262
2016	1358531
2016	8813451
2016	8814039
2016	965554
2016	8191739
2016	8814479
2016	8696236
2016	14404992
2016	12130434
2016	7053454
2016	7472068
2016	1102623
2016	7321217
2016	13371105
2016	82637
2016	5620496
2016	182613
2016	5719606
2016	13830152
2016	12372052
2016	12356962
2016	5076880
2016	13585624
2016	1445064
2016	13045194
2016	11521541
2016	9900315
2016	13586128
2016	6000531
2016	1658983
2016	708802
2016	8442940
2016	5592866
2016	6690605
2016	6378076
2016	6886946
2016	13063952
2016	14013583
2016	2167993
2016	13032590
2016	2810123
2016	13655073
2016	5481243
2016	5726250
2016	13163259
2016	14296152
2016	6268805
2016	189965
2016	1223050
2016	4402259
2016	44205
2016	3721095
2016	93505
2016	619142
2016	12825412
2016	13414159
2016	12432535
2016	5174821
2016	45987
2016	10253899
2016	1587540
2016	3749523
2016	29765
2016	7109689
2016	4112178
2016	77681
2016	8454985
2016	1541166
2016	13064781
2016	7880828
2016	4080000
2016	14533011
2016	14255219
2016	8340599
2016	10945407
2016	3917027
2016	8716849
2016	12436115
2016	4638356
2016	1066767
2016	14075290
2016	7489883
2016	12699603
2016	14262627
2016	1051482
2016	9390951
2016	3615760
2016	10356880
2016	5478135
2016	14141920
2016	11618815
2016	7178893
2016	13421289
2016	9145242
2016	9751520
2016	4820071
2016	8065282
2016	14532696
2016	20000
2016	118905
2016	12308927
2016	4314054
2016	7984949
2016	13816458
2016	7033732
2016	13046976
2016	5364137
2016	12604733
2016	10524612
2016	8231382
2016	14522917
2016	10132073
2016	14072256
2016	14178758
2016	8166076
2016	8624898
2016	11333422
2016	1497879
2016	13613562
2016	10411383
2016	8757949
2016	7035556
2016	14072546
2016	6314998
2016	1042420
2016	13393418
2016	8118718
2016	57800
2016	12051674
2016	238846
2016	10233104
2016	8134231
2016	8064980
2016	13100828
2016	13969217
2016	9711934
2016	11593592
2016	4614037
2016	13874533
2016	2778656
2016	9698226
2016	14083611
2016	12233043
2016	5990808
2016	9897713
2016	2634499
2016	7482338
2016	12971157
2016	8469735
2016	8514932
2016	9858437
2016	14168664
2016	5616179
2016	9958026
2016	6337106
2016	12233225
2016	12233285
2016	12560987
2016	8252058
2016	1059604
2016	11579622
2016	13594886
2016	11866869
2016	11334091
2016	10056496
2016	11498416
2016	13233001
2016	7809904
2016	1141522
2016	2634361
2016	9382898
2016	11398953
2016	6614984
2016	8859689
2016	11498523
2016	11498583
2016	11695285
2016	12891323
2016	12580274
2016	13884549
2016	13908031
2016	6142396
2016	13433317
2016	1178106
2016	13908638
2016	1178162
2016	8846849
2016	7634067
2016	2441095
2016	4868653
2016	1458081
2016	1147871
2016	6436334
2016	5940866
2016	4107959
2016	13820571
2016	8326439
2016	9273
2016	8982616
2016	1066742
2016	11455804
2016	1589392
2016	13959444
2016	3867014
2016	14713259
2016	10701625
2016	7881551
2016	13992811
2016	4432035
2016	10454061
2016	12092499
2016	197146
2016	12998272
2016	11371205
2016	5899031
2016	6882615
2016	2246959
2016	13912467
2016	13912470
2016	14714374
2016	10569282
2016	6075481
2016	12897110
2016	7194793
2016	3410087
2016	2247190
2016	3870046
2016	13110631
2016	7474615
2016	4377247
2016	14388025
2016	10881994
2016	12291029
2016	9473816
2016	3591388
2016	12865092
2016	6213822
2016	9228519
2016	8737466
2016	2723274
2016	11980767
2016	7475215
2016	4132983
2016	7853079
2016	13391640
2016	9180947
2016	1234740
2016	14085771
2016	11211273
2016	6017574
2016	472070
2016	5903001
2016	5919529
2016	414419
2016	12914154
2016	12621291
2016	22212
2016	9327506
2016	9343915
2016	2429961
2016	12489916
2016	9918713
2016	13015353
2016	8116523
2016	13591607
2016	7264674
2016	14367134
2016	7007801
2016	7804358
2016	11589644
2016	3528826
2016	7840797
2016	4020650
2016	11082235
2016	6685682
2016	10164759
2016	11885148
2016	10542140
2016	9231486
2016	12390027
2016	8577620
2016	705900
2016	14713980
2016	13589343
2016	13015927
2016	13015832
2016	754845
2016	9920084
2016	4972820
2016	7740436
2016	9855805
2016	10264774
2016	5791960
2016	5992501
2016	12797493
2016	4516065
2016	13017460
2016	6759004
2016	3302294
2016	6677469
2016	9725178
2016	10228457
2016	8822499
2016	9414403
2016	10266397
2016	11462476
2016	10266928
2016	10084216
2016	1090413
2016	1811776
2016	2108738
2016	12953937
2016	10070404
2016	8497555
2016	9677207
2016	13674964
2016	29155
2016	12020829
2016	13872339
2016	14603013
2016	12268144
2016	13218392
2016	1372816
2016	12626504
2016	11201204
2016	5581575
2016	11905849
2016	7860369
2016	12441
2016	8351880
2016	4870883
2016	9346513
2016	3601254
2016	1551205
2016	4490826
2016	9809914
2016	9974833
2016	4065578
2016	6121709
2016	11121872
2016	10138904
2016	6895050
2016	11590000
2016	1717816
2016	1498719
2016	9144588
2016	1341072
2016	9991857
2016	11122394
2016	13711334
2016	12154934
2016	10860611
2016	9238963
2016	2374089
2016	12286410
2016	13433298
2016	14322091
2016	14711359
2016	7731797
2016	10811
2016	13592
2016	5454513
2016	7961477
2016	5455293
2016	48612
2016	1264217
2016	8584276
2016	6552654
2016	5455004
2016	13466910
2016	9993602
2016	13090471
2016	4603588
2016	311240
2016	6323935
2016	12304165
2016	4143561
2016	13614982
2016	8663351
2016	7698631
2016	7474044
2016	2881388
2016	6879036
2016	7475379
2016	7474855
2016	7856323
2016	6908525
2016	2277821
2016	7728508
2016	1322461
2016	10037387
2016	7749568
2016	14217967
2016	9373802
2016	2701124
2016	6214710
2016	4948724
2016	10882267
2016	12603280
2016	9857
2016	13589
2016	716643
2016	28150
2016	9860
2016	2189086
2016	9824
2016	3182473
2016	11275963
2016	9918240
2016	5280183
2016	68902
2016	543078
2016	10634364
2016	12812461
2016	3415245
2016	12318093
2016	442735
2016	11796879
2016	11687122
2016	4178790
2016	5718921
2016	8970393
2016	13697966
2016	8782991
2016	6075932
2016	6851459
2016	5769127
2016	11585459
2016	9207914
2016	639101
2016	4549374
2016	986399
2016	9094794
2016	14489201
2016	4278067
2016	5153080
2016	8301926
2016	4410142
2016	5718801
2016	705919
2016	6850880
2016	13912472
2016	625012
2016	6276572
2016	10656899
2016	5588537
2016	8406972
2016	11470818
2016	7965521
2016	4609785
2016	8014383
2016	10734159
2016	2395326
2016	526970
2016	12290886
2016	1428355
2016	8211468
2016	12094488
2016	4787233
2016	6426364
2016	8096900
2016	13078068
2016	13713445
2016	5640375
2016	12979965
2016	14372667
2016	2215762
2016	8815257
2016	14094279
2016	7901248
2016	7508063
2016	9757412
2016	1200502
2016	9474436
2016	10671192
2016	2495047
2016	9949819
2016	8753913
2016	12653367
2016	1038465
2016	12587887
2016	14125957
2016	7575052
2016	6444303
2016	14522631
2016	6134013
2016	9574727
2016	5639731
2016	10391455
2016	7755144
2016	7214920
2016	12916551
2016	22354
2016	9197535
2016	989163
2016	9508975
2016	12308161
2016	7095320
2016	10656206
2016	7740592
2016	9706279
2016	5593888
2016	10656576
2016	11590512
2016	2694019
2016	7920541
2016	13377097
2016	3842286
2016	12034317
2016	12049787
2016	453660
2016	14770892
2016	13460331
2016	8201104
2016	7377034
2016	1810397
2016	14091605
2016	4364989
2016	5088560
2016	2549840
2016	8595650
2016	6939126
2016	8200839
2016	3236496
2016	6038520
2016	6972426
2016	8316068
2016	6677700
2016	10427882
2016	990668
2016	10083878
2016	12508801
2016	7694365
2016	12426977
2016	4364925
2016	8480507
2016	5734770
2016	9840919
2016	13378923
2016	11041684
2016	13378936
2016	13378987
2016	8371115
2016	8006992
2016	4679319
2016	1252289
2016	11397511
2016	2683284
2016	10227043
2016	14461998
2016	11902134
2016	322593
2016	5352623
2016	5582163
2016	585148
2016	11873789
2016	5058148
2016	9728602
2016	8303267
2016	9611852
2016	7645862
2016	4742275
2016	11686744
2016	11710680
2016	798957
2016	5075267
2016	8827268
2016	11841986
2016	8680170
2016	5976821
2016	3289921
2016	6763409
2016	9663423
2016	5532549
2016	4860853
2016	14414330
2016	3601030
2016	7368611
2016	2372987
2016	5074924
2016	12890156
2016	7714627
2016	12253029
2016	225224
2016	4879702
2016	8025718
2016	1275498
2016	11588543
2016	7796658
2016	5783197
2016	13318173
2016	7205210
2016	9933886
2016	12384469
2016	14591627
2016	1489289
2016	13171246
2016	2292495
2016	8846202
2016	4750791
2016	8686165
2016	13707814
2016	1899770
2016	9731479
2016	5714786
2016	4461901
2016	12287958
2016	851927
2016	10427199
2016	13494185
2016	2326445
2016	7634365
2016	8988506
2016	7921131
2016	7540480
2016	9208166
2016	8987722
2016	7456890
2016	7919500
2016	8902304
2016	8575476
2016	7649517
2016	11687031
2016	7954808
2016	13995573
2016	9862792
2016	8193344
2016	6575654
2016	2846739
2016	6793945
2016	5433246
2016	8439661
2016	3969526
2016	6992859
2016	11856912
2016	650956
2016	1183032
2016	2301709
2016	11213228
2016	5885130
2016	9896359
2016	4555637
2016	163941
2016	9961767
2016	13797162
2016	1197857
2016	5146451
2016	5146447
2016	7161203
2016	5146580
2016	8734707
2016	13549924
2016	7618925
2016	3656168
2016	6709682
2016	13918656
2016	658029
2016	8703026
2016	8735827
2016	13077603
2016	69369
2016	4263736
2016	4460532
2016	8310807
2016	8228903
2016	5940069
2016	13652639
2016	8420883
2016	169430
2016	1602491
2016	5526514
2016	13653016
2016	14426987
2016	4560053
2016	3888360
2016	12463075
2016	6576530
2016	3343428
2016	4593974
2016	5970118
2016	10787333
2016	6695
2016	13753007
2016	10247000
2016	3727560
2016	13796564
2016	7281884
2016	176006
2016	6939454
2016	8371203
2016	2892825
2016	13214949
2016	6645010
2016	1850260
2016	9362821
2016	11656698
2016	5269216
2016	1550047
2016	12756776
2016	7825327
2016	10249798
2016	13379155
2016	13298137
2016	6080461
2016	12857811
2016	9694218
2016	9415712
2016	4205641
2016	8153848
2016	12627225
2016	14414473
2016	9614024
2016	60029
2016	11907764
2016	13054720
2016	8172380
2016	14813006
2016	6780300
2016	11300899
2016	4568116
2016	8238311
2016	6780313
2016	8402408
2016	3602379
2016	276450
2016	12368082
2016	1374434
2016	1374466
2016	12351909
2016	14756269
2016	1175376
2016	801680
2016	8469464
2016	349347
2016	1342370
2016	10190260
2016	5717690
2016	1884045
2016	2636365
2016	5506
2016	14300921
2016	14300751
2016	2473997
2016	7293671
2016	8238404
2016	13653233
2016	12494334
2016	13258244
2016	13074722
2016	14483758
2016	11223924
2016	13140867
2016	12599820
2016	10175033
2016	6801288
2016	3032367
2016	1426754
2016	369940
2016	4573458
2016	8227206
2016	12683680
2016	9706199
2016	4573238
2016	9259184
2016	4573388
2016	12585455
2016	10997047
2016	11229070
2016	2658094
2016	4034018
2016	4558443
2016	2657905
2016	4279959
2016	2183058
2016	8458210
2016	12784064
2016	9344096
2016	7181950
2016	1094599
2016	1758953
2016	9425902
2016	5755910
2016	8556025
2016	6134145
2016	14429876
2016	7036112
2016	891661
2016	220676
2016	14572511
2016	9117009
2016	11624428
2016	1615033
2016	4089940
2016	3664031
2016	1220971
2016	3129309
2016	6939759
2016	12425501
2016	24240
2016	8036024
2016	13414367
2016	3006311
2016	9610609
2016	4580825
2016	13642397
2016	4924910
2016	13298108
2016	9841140
2016	6089865
2016	815639
2016	2043261
2016	9750460
2016	2043529
2016	2043541
2016	11922134
2016	4304969
2016	4518100
2016	3434614
2016	13005579
2016	766700
2016	11924459
2016	9858828
2016	13709092
2016	14282764
2016	2842124
2016	13107648
2016	12957423
2016	13248823
2016	13007124
2016	13800505
2016	12269155
2016	14104621
2016	13478348
2016	12843196
2016	2898226
2016	12221012
2016	13744821
2016	5782221
2016	916123
2016	11648212
2016	4553903
2016	14461498
2016	10106081
2016	14204600
2016	8011545
2016	9834727
2016	10928093
2016	8555187
2016	12826145
2016	369880
2016	13059
2016	13445221
2016	10117329
2016	14222649
2016	12986016
2016	2722165
2016	11772497
2016	10116601
2016	4445906
2016	14506396
2016	4255538
2016	13943142
2016	10116429
2016	12067685
2016	11126122
2016	9183638
2016	10116726
2016	13813380
2016	2848239
2016	7630340
2016	7434871
2016	6500646
2016	12383204
2016	13417639
2016	8861069
2016	6452246
2016	12302222
2016	11169560
2016	10611728
2016	8830015
2016	2848393
2016	2187766
2016	2848362
2016	7630346
2016	13024385
2016	2848370
2016	13079659
2016	2848330
2016	12303347
2016	8733896
2016	4053612
2016	6292261
2016	475259
2016	7931882
2016	9825415
2016	2706986
2016	8422876
2016	6268082
2016	12265433
2016	4518380
2016	1731639
2016	11398458
2016	13397390
2016	4518710
2016	11940785
2016	14759485
2016	4518756
2016	6870366
2016	2174711
2016	6676364
2016	12608363
2016	13028092
2016	8390386
2016	8337048
2016	12667158
2016	6834270
2016	14092430
2016	13060366
2016	7113260
2016	10537553
2016	3198169
2016	13651290
2016	9407895
2016	8539551
2016	14339562
2016	13525610
2016	4493030
2016	14336348
2016	9998187
2016	12750816
2016	8442314
2016	13062783
2016	4687499
2016	13000520
2016	7280665
2016	14668008
2016	10328539
2016	6990023
2016	6118583
2016	13081347
2016	12264207
2016	8184662
2016	5267396
2016	10478553
2016	9626892
2016	13624971
2016	9824155
2016	12707324
2016	2754149
2016	8973362
2016	13233250
2016	1471373
2016	10051003
2016	1092093
2016	3659917
2016	848152
2016	13521713
2016	1471308
2016	13037372
2016	1373520
2016	14398508
2016	5526487
2016	14137262
2016	12497846
2016	5453775
2016	11861063
2016	13531200
2016	12517081
2016	13565466
2016	13391024
2016	4160585
2016	12074204
2016	6629929
2016	66288
2016	4823089
2016	12320063
2016	1426711
2016	13968660
2016	5660081
2016	12379725
2016	1187188
2016	1704090
2016	11370704
2016	8634599
2016	1949996
2016	6291807
2016	6390634
2016	50032
2016	11397952
2016	1803138
2016	11912139
2016	5293067
2016	2950175
2016	2798787
2016	115936
2016	1885386
2016	13041752
2016	14254537
2016	13697486
2016	6914622
2016	5882411
2016	2295530
2016	4015972
2016	5702292
2016	1115394
2016	10749312
2016	197972
2016	9865550
2016	4457943
2016	12274601
2016	4065322
2016	8521792
2016	6764572
2016	12191871
2016	4339392
2016	5212321
2016	8226982
2016	12781774
2016	12949270
2016	14683493
2016	2378421
2016	6425318
2016	14682931
2016	13110084
2016	11553697
2016	8801250
2016	9833460
2016	13110347
2016	8981656
2016	5049582
2016	13698137
2016	6065674
2016	4181530
2016	5918944
2016	4526315
2016	2592416
2016	1167221
2016	8310894
2016	9212213
2016	8720718
2016	496022
2016	332225
2016	1612842
2016	3593290
2016	5166870
2016	743211
2016	6377998
2016	12824498
2016	4331214
2016	13865867
2016	5182313
2016	12932001
2016	1692573
2016	13751426
2016	14308511
2016	2365632
2016	13621476
2016	9459945
2016	12736777
2016	447826
2016	14469677
2016	9590679
2016	1628130
2016	3905508
2016	4233242
2016	1071235
2016	1136972
2016	1956275
2016	7723492
2016	8067585
2016	12849003
2016	4054079
2016	10074653
2016	12997241
2016	728238
2016	3988018
2016	12081834
2016	4119345
2016	957224
2016	1203014
2016	7789429
2016	14474114
2016	3079305
2016	9591772
2016	9575439
2016	973840
2016	3021862
2016	14428514
2016	3693850
2016	3775876
2016	7693009
2016	5874408
2016	11739985
2016	3957602
2016	4105704
2016	10883063
2016	3629014
2016	13623390
2016	7495866
2016	6104388
2016	5676025
2016	5801643
2016	9791506
2016	12855343
2016	10004575
2016	12593295
2016	13640138
2016	6939162
2016	6644330
2016	336946
2016	336960
2016	2219399
2016	6921672
2016	12033661
2016	40601
2016	13344433
2016	1631942
2016	12855005
2016	12789527
2016	9676551
2016	12052288
2016	6019555
2016	11946029
2016	13363171
2016	11514237
2016	7708436
2016	3021446
2016	7348110
2016	9971054
2016	9577988
2016	6465075
2016	9463444
2016	10299047
2016	1222327
2016	629814
2016	1885825
2016	10627514
2016	9349614
2016	667325
2016	749247
2016	732932
2016	7743569
2016	554720
2016	8908145
2016	3616081
2016	12463555
2016	9727523
2016	5729845
2016	3987926
2016	6602167
2016	5124772
2016	9349646
2016	7554801
2016	5025015
2016	8354938
2016	7287822
2016	4583526
2016	6238463
2016	4149974
2016	3730447
2016	13513012
2016	12022134
2016	4567815
2016	7910223
2016	12071820
2016	4025194
2016	27611
2016	2698996
2016	6106955
2016	732999
2016	13512551
2016	3371091
2016	13677640
2016	9712731
2016	2077794
2016	12727401
2016	12874603
2016	750438
2016	9057435
2016	6862758
2016	210097
2016	1881298
2016	10253591
2016	2880944
2016	4765070
2016	11826815
2016	14218904
2016	14071446
2016	7845607
2016	9549850
2016	7823025
2016	6322283
2016	4098410
2016	2308630
2016	4405982
2016	2014651
2016	3276286
2016	6602217
2016	12566065
2016	3881993
2016	7879708
2016	10271867
2016	12647606
2016	1113272
2016	4586681
2016	5405928
2016	7273770
2016	9485607
2016	2875267
2016	14105971
2016	3342094
2016	950046
2016	13041602
2016	5521378
2016	14057466
2016	8923817
2016	1301500
2016	777903
2016	1067184
2016	1109224
2016	7986179
2016	4767023
2016	4975581
2016	2538536
2016	3591359
2016	2963419
2016	12855396
2016	4223387
2016	3997572
2016	12930651
2016	1030500
2016	568234
2016	7956634
2016	9677354
2016	11159585
2016	932853
2016	197727
2016	6990904
2016	8481291
2016	519272
2016	5601743
2016	5717528
2016	3703674
2016	14246616
2016	6248970
2016	6730758
2016	4000384
2016	4262255
2016	594693
2016	169938
2016	12927298
2016	1721016
2016	3229255
2016	1591827
2016	3575220
2016	8473851
2016	1494726
2016	3968797
2016	13937181
2016	1724900
2016	4461111
2016	1936861
2016	13768853
2016	3755609
2016	4085362
2016	4922204
2016	8548176
2016	4283698
2016	1861070
2016	7086825
2016	7093109
2016	6513924
2016	1810172
2016	9218312
2016	894539
2016	6400432
2016	225834
2016	13251243
2016	2583074
2016	7252607
2016	13512930
2016	3420384
2016	225979
2016	5434353
2016	13547301
2016	2684840
2016	1668313
2016	12023024
2016	849408
2016	753446
2016	2843445
2016	5706985
2016	12386020
2016	7651065
2016	1436513
2016	6976
2016	3075044
