2015	4699742
2015	2526773
2015	3701108
2015	5445126
2015	5834930
2015	54944
2015	6059968
2015	4736217
2015	4494419
2015	1529393
2015	9445192
2015	1166808
2015	7008455
2015	3977877
2015	18711
2015	4792901
2015	8552338
2015	3458030
2015	7476936
2015	4527029
2015	56937
2015	9870
2015	6776075
2015	8613870
2015	4080849
2015	4358181
2015	7868209
2015	8249201
2015	9765
2015	7052171
2015	7095658
2015	1868513
2015	6887926
2015	5813992
2015	6476613
2015	4044840
2015	1403408
2015	5684598
2015	5498472
2015	8319253
2015	400067
2015	1948096
2015	5067019
2015	9504314
2015	7294565
2015	826706
2015	3415434
2015	3903273
2015	2933661
2015	1638584
2015	25142
2015	3678429
2015	54215
2015	4409819
2015	4489588
2015	7114655
2015	5590505
2015	8088370
2015	2412715
2015	3432321
2015	6197950
2015	1329627
2015	3802530
2015	1964878
2015	4452800
2015	3342206
2015	6400348
2015	9169272
2015	4787213
2015	6053700
2015	6993585
2015	6287797
2015	7939556
2015	1110423
2015	7531700
2015	2821921
2015	3303860
2015	3673688
2015	5959740
2015	9110588
2015	8495348
2015	2915643
2015	3668038
2015	8097903
2015	7403927
2015	7018497
2015	6181230
2015	4484747
2015	8303748
2015	8275122
2015	8015793
2015	7784616
2015	22208
2015	5511911
2015	4461846
2015	4291607
2015	4603803
2015	6887053
2015	735970
2015	2384581
2015	8410270
2015	218259
2015	5870309
2015	4315439
2015	4978467
2015	8014683
2015	21337
2015	3589267
2015	9331460
2015	801722
2015	7841193
2015	7868931
2015	5832127
2015	5412487
2015	8055839
2015	4287989
2015	6765855
2015	5584915
2015	693353
2015	3094942
2015	3389896
2015	8518091
2015	6248526
2015	7050397
2015	8792
2015	6793913
2015	6971836
2015	4350995
2015	1835533
2015	5904732
2015	5834413
2015	7054912
2015	826555
2015	7092874
2015	7592616
2015	1775935
2015	2423613
2015	8970779
2015	5495547
2015	879929
2015	2823378
2015	179245
2015	4446413
2015	4585452
2015	6425405
2015	8063870
2015	721979
2015	5891012
2015	7573274
2015	1174776
2015	4181163
2015	6005290
2015	8014642
2015	9858
2015	3131519
2015	5652147
2015	59776
2015	3377871
2015	7273513
2015	8097453
2015	7106162
2015	8048838
2015	9047646
2015	5904992
2015	6373729
2015	3808557
2015	8082512
2015	3839678
2015	2916208
2015	4777111
2015	10730
2015	9078482
2015	7454907
2015	4653267
2015	182049
2015	3609536
2015	7871576
2015	6921241
2015	7783953
2015	8029788
2015	6693305
2015	1173306
2015	6179374
2015	6758443
2015	3164650
2015	25418
2015	3931204
2015	321328
2015	7562235
2015	5768195
2015	6089975
2015	7362715
2015	2633478
2015	8518665
2015	7245413
2015	1106555
2015	5659780
2015	4644069
2015	4588530
2015	7185881
2015	7497047
2015	7678756
2015	3182652
2015	6009031
2015	7724412
2015	4759640
2015	7358714
2015	21891
2015	4180178
2015	6854357
2015	7275018
2015	2821825
2015	5932267
2015	1819994
2015	9137560
2015	1755376
2015	7840131
2015	7575576
2015	4294557
2015	6706463
2015	8336347
2015	5317935
2015	1365335
2015	8206659
2015	7225201
2015	3820516
2015	4430821
2015	7225376
2015	7513906
2015	7527677
2015	6684904
2015	4838985
2015	7395978
2015	1425973
2015	5858133
2015	6364042
2015	6790961
2015	2943804
2015	4710583
2015	1886037
2015	1214214
2015	7479725
2015	7620413
2015	1944976
2015	8189821
2015	4565470
2015	7511737
2015	9166393
2015	4351970
2015	1701741
2015	377474
2015	9430774
2015	6923942
2015	799701
2015	994317
2015	7325084
2015	8272350
2015	6348631
2015	10758
2015	4409653
2015	6844012
2015	8301150
2015	6355733
2015	7080514
2015	3050565
2015	3967611
2015	7308811
2015	8161218
2015	5768819
2015	6761345
2015	7055184
2015	5762866
2015	3311675
2015	7735518
2015	4109165
2015	7379913
2015	6965516
2015	7513605
2015	1863443
2015	7367795
2015	4461613
2015	1401625
2015	7582651
2015	8309604
2015	4503393
2015	4812786
